test_loss: 0.05373948812484741
test_metrics: {'r2': 0.9996533872783843, 'mse': 0.053739488}
size: 414768
used_memory_mb: 1066.125
