test_loss: 0.15115247666835785
test_metrics: {'r2': 0.6762011519182092, 'mse': 0.15115248}
size: 25235136
used_memory_mb: 1184.125
