test_loss: 0.3593291640281677
test_metrics: {'r2': -0.14364251356751767, 'mse': 0.35932916}
size: 291744
used_memory_mb: 1066.125
