test_loss: 834.8497924804688
test_metrics: {'r2': -1.2798483785752253, 'mse': 834.84985}
size: 1507328
used_memory_mb: 1066.125
