test_loss: 11.67665958404541
test_metrics: {'r2': 0.9935036940013752, 'mse': 11.676659}
size: 3360000
used_memory_mb: 1066.125
