test_loss: 7.672490119934082
test_metrics: {'r2': 0.9957314126158168, 'mse': 7.67249}
size: 3360000
used_memory_mb: 1066.125
