test_loss: 7.609205722808838
test_metrics: {'r2': 0.9957666209187374, 'mse': 7.6092057}
size: 3360000
used_memory_mb: 1066.125
